37
10
26
0
50
20
27
27
30
2
39
18
33
10
41
43
10
8
49
28
48
16
5
39
1
40
37
22
47
18
44
6
14
23
16
3
33
36
45
7
35
30
18
31
23
46
46
22
31
36
36
3
25
15
45
2
49
9
32
12
13
22
0
2
45
10
45
32
0
49
6
44
0
26
2
16
47
18
38
37
7
50
21
22
37
39
30
45
29
38
42
48
42
2
50
0
2
14
18
44
36
44
48
7
2
25
47
42
35
32
42
23
10
9
45
14
43
16
43
1
39
34
23
2
15
41
38
50
5
4
45
16
28
29
16
22
26
24
35
48
24
12
8
12
7
20
32
1
7
26
35
45
0
37
45
28
38
21
13
41
42
11
28
30
47
3
2
16
34
15
39
16
37
48
8
32
27
45
19
0
23
8
46
11
5
28
2
8
46
33
38
10
0
46
40
48
28
32
5
43
40
4
16
32
37
41
30
19
1
13
32
45
8
13
14
3
37
10
12
40
40
14
20
23
0
41
1
48
11
42
31
42
44
1
0
16
37
4
12
28
5
41
13
31
9
35
43
26
21
7
36
11
23
34
26
21
11
45
18
5
11
36
4
13
26
15
50
17
47
48
45
22
5
12
26
24
37
28
41
36
45
29
46
15
49
2
47
31
12
8
3
15
13
19
37
34
44
7
27
0
35
47
3
23
50
47
40
31
47
6
40
17
0
11
40
48
13
33
12
43
22
39
37
32
37
8
19
41
48
14
16
5
45
4
10
27
11
2
26
31
1
23
41
13
6
22
4
46
31
4
12
35
5
31
39
21
34
34
24
32
42
6
44
28
44
31
18
47
5
4
4
23
1
14
30
43
1
6
36
8
8
47
4
32
21
36
25
11
12
5
41
37
34
23
3
23
30
24
38
11