24
42
29
2
49
23
31
34
19
18
16
12
13
3
14
29
27
33
16
19
17
2
16
40
40
32
32
41
32
30
10
41
20
2
28
28
13
15
17
18
9
3
39
4
44
30
20
39
13
3
33
35
14
29
39
46
33
11
30
46
34
27
47
47
19
18
11
42
34
50
32
6
6
39
17
17
46
48
28
35
14
40
23
23
0
40
5
20
33
42
19
43
49
12
33
33
13
8
14
12
44
29
49
8
33
27
50
35
16
4
10
42
8
44
49
10
45
37
6
7
45
10
17
48
1
1
19
37
14
5
45
34
4
31
17
27
46
2
2
10
15
40
38
25
31
2
46
10
47
25
47
29
10
43
27
37
37
24
1
43
39
25
25
6
20
49
4
34
20
25
50
30
11
42
41
49
31
39
1
19
11
3
11
42
44
31
28
35
8
22
24
7
21
43
31
48
41
24
0
12
15
48
14
0
1
42
11
2
16
25
37
50
36
21
6
26
46
0
8
27
25
47
50
41
15
2
43
32
9
29
11
5
40
0
6
41
36
38
22
6
20
4
35
32
28
3
13
42
50
21
16
7
45
49
12
11
16
45
6
20
24
20
10
1
39
23
11
11
26
22
27
11
50
7
27
4
41
41
28
11
31
37
7
1
23
33
13
27
44
8
37
40
44
40
2
11
39
30
9
9
32
28
7
1
3
4
46
38
8
6
19
30
47
49
17
49
22
8
26
9
33
48
26
0
36
49
5
29
20
7
48
48
32
22
45
11
40
14
8
36
31
33
30
33
18
44
2
29
25
8
21
6
38
22
7
33
32
31
15
30
36
13
35
1
15
16
5
29
26
37
25
15
4
5
9
23
50
50
4
39
7
18
42
30
35
30
8
40
26
0
22
0
39
35
2
25
24
16
32
25